Plain: 0.001730443493513421 loss, 0.96355799239598505 acc
Dropout: 0.002499028852175901 loss, 0.96295043413024817 acc
B: 0.00096832806723645963 loss, 0.96400697402125146 acc
C: 0.00060277260688972967 loss, 0.96380645209396831 acc